layer_size_0: 845
layer_size_1: 913
lr: 0.0025262275881370424
lr_gamma: 0.17706150557118028
lr_milestone_1: 116
lr_milestone_2: 142
num_epochs: 6
num_layers: 2
random_seed: 431409684549184
